1.020797379	-0.02017880851	-0.01924739268	-0.01116539924	0.005845246579	0.02217555278	0.02153923765	0.01040932047	0.003049890613	0.007873671501	-0.02224149152	-0.02622246743	-0.02341079751	0.01626308	0.001920165014	-0.01237574428	0.01556251835	0.0003707106939	0.01502499822	-0.03928117354	0.001756158382	0.04612054881	-0.01815067927	0.04549421629	0.01098533328	-0.04432569404	-0.006352417134	-0.009492422485	-0.01275250597	-0.01924874535	-0.007041367248	-0.02816589939	-0.01248328048	-0.01899783669	-0.005258513515	0.03080947752	0.0078381687	0.03811540004	0.00921203738	0.00795755802	0.002471145778	-0.01421865307	-0.01679259277	-0.01948891062	-0.003231745439	-0.019877554	-0.02961827435	-0.01047122927	-0.02330611081	0.007979575139	-0.0512333904	-0.008019184095	0.01262929685	-0.01200615385	-0.002344777676	-0.01942783645	-0.01755367736	-0.0162600914	-0.01898462069	-0.002890025641	-0.01809786374	-0.03057741775	-0.01223626144	-0.007295464048	-0.01001272231	-0.006261644465	-0.006407696041	-0.004604174048	-0.02897427943	-0.01492581555	-0.01898921147	0.007011748152	-0.01609088943	0.01331589883	-0.009036149524	-0.02054618146	-0.03367272777	0.02248751169	0.0112943766	-0.02205350154	-0.04511571599	0.01847664455	-0.02622683576	-0.01155874627	0.005204627682	0.03044490632	-0.008486739412	0.01164586549	0.04912686078	0.009241849739	-0.02046543577	-0.01086018982	-0.01726882004	0.005649446037	-0.03683040543	0.0241903307	-0.01405808315	0.001447084702	-0.01875025131	-0.03847255756	-0.01864605063	-0.06648104912	-0.05470583745	-0.03553788985	-0.02511578028	0.01284969905	-0.0006162805082	-0.01953195827	-0.002047695701	-0.02601939817	0.01561395862	0.01479357138	-0.02588373676	-0.02387302546	-0.01565963804	-0.0235523936	-0.01726261506	-0.04478857391	0.0005461826412	-0.05241238107	-0.008886349804	0.001684758778	-0.006212110537
-0.02017880851	0.9596530048	-0.04655709622	-0.02721307894	-0.04376207019	-0.0204251511	-0.0151007586	0.002933536737	0.01444622038	0.03912815084	0.09679697782	0.08628196114	-0.004127047298	0.02057665894	-0.03422575145	-0.04171262057	-0.05087627711	-0.05070815059	-0.02010387237	-0.04999980809	-0.01902390928	0.009238443184	-0.01946692842	-0.00594014867	-0.03130734188	-0.0197210544	0.02036976726	-0.02485842439	0.02595608716	0.04651987179	-0.01767240369	-0.003932675757	-0.008910410547	-0.01774056885	0.0248117672	-0.01150871524	0.02131735246	-0.02933920547	-0.01812207362	0.03838529485	-0.005795138678	0.04266493173	-0.0119590732	-0.03819022172	-0.02847392983	-0.02443805346	-0.05412973399	-0.04813694734	-0.02046407671	-0.01537294512	-0.03636849335	-0.04108769057	0.03448206074	-0.03322987783	-0.004036532161	-0.0142542437	-0.02398503039	0.03081066364	-0.01020861391	6.312929655e-05	0.03189506445	0.006757148161	0.009974393239	0.009946353455	-0.02018119603	0.007322148673	-0.01721623627	0.007988222601	-0.0564908273	-0.03262112572	0.03196508692	-0.05074249986	0.01698380913	0.006671151832	-0.04335822666	-0.002525446156	0.01912874388	-0.02564586822	0.01147502204	-0.02019645033	0.01690214372	-0.05898305639	-0.01231190876	-0.02925801208	-0.03616570546	-0.04179959179	-0.04675522898	-0.01103637047	-0.03019967672	-0.02548903173	-0.05257884266	-0.003590115501	-0.04408790963	-0.02233831934	-0.03528539325	-0.0340842871	-0.0335236745	-0.03255037211	-0.02648736312	0.05001930826	0.0393225175	0.01910842173	0.01653647051	-0.02212266196	-0.03206838684	-0.03467136156	0.01674864838	0.07252230916	0.08464216923	0.04021526499	-0.01952579998	-0.04032758242	0.0002177990762	-0.01488425191	-0.009074670668	-0.02748414127	0.0587180024	0.04668375352	0.02548552019	0.01584750982	-0.06026774769	0.003241854851	-0.01216042408
-0.01924739268	-0.04655709622	0.9783937591	0.01835913532	-0.007641304769	-0.03332892509	-0.01786468744	-0.05146291686	-0.05245435995	-0.03702655777	-0.04658411537	-0.04676593611	-0.03658860008	-0.03959868026	-0.005780321517	-0.003678530873	-0.0053033292	0.003387539803	-0.0008030783951	0.01282464105	-0.00358689474	-0.043430429	-0.02691320865	-0.02099156692	0.1194138375	-0.01426179108	-0.03982566727	0.1221060152	-0.008641076409	-0.03023522097	-0.01677359646	0.004346351293	-0.02452191759	0.001549140546	-0.02622345329	-0.04027268672	0.002467088156	-0.03121282296	0.02229571555	0.004323024394	-0.006857212823	-0.03506593975	-0.0408180395	-0.03125734898	-0.01085099754	-0.02389924808	0.04591903994	0.001204122332	-0.007416909981	-0.01023679751	0.01102902408	-0.0204411537	-0.01679290798	0.01867624283	-0.008260015868	-0.02921539585	0.003077728347	0.0009398028155	-0.001890383916	-0.0181932033	-0.01486101431	-0.008509461987	0.003433193515	0.007832447159	-0.03514203572	-0.02794089717	0.02567048651	-0.02773455045	-0.008485373833	0.01569681698	-0.01846194751	-0.003903915284	-0.02514723744	-0.02278292732	-0.01886185864	0.02078985666	-0.002686094349	0.01599953654	0.02298277868	-0.008844003156	-0.02666686415	-0.007005169076	0.005198630671	-0.03539103515	-0.03400693572	0.02721531634	-0.01209184597	-0.01827403484	-0.0158030012	-0.01000238329	0.03926960365	-0.003704051979	0.08761633868	0.004001348044	0.0510836307	-0.004987013148	0.03287366276	0.01928866984	0.009175553631	-0.0171433263	-0.00331144065	-0.03020078607	-0.06529197091	-0.02434279213	-0.02281216388	-0.0107944979	-0.001521434866	-0.01139796534	-0.04282253413	-0.0606611272	0.1531796911	0.03053067946	-0.02408955629	-0.005230110601	-0.01421585488	-0.0288434335	-0.04338754333	-0.04587478012	-0.02176024026	-0.008533691466	0.01962891445	-0.01105705851	-0.03842168423
-0.01116539924	-0.02721307894	0.01835913532	0.9670040434	0.01299278854	-0.01736323752	-0.01314815623	-0.04862468783	-0.03562107893	-0.05197605466	-0.03728559277	-0.02762929529	0.04763497858	-0.006602934366	-0.005459347022	0.05655916284	0.0340867425	0.0756289415	-0.02775412859	-0.03575952788	0.002287918704	-0.0485592912	-0.04545767661	0.02465459182	-0.01702976703	-0.005091724184	-0.01405498375	0.03169236092	-0.03518196429	-0.02409540567	0.03777678139	-0.02381363786	-0.002735630742	0.008375297101	-0.007478078558	-0.03624994388	-0.008955037005	-0.04828857082	-0.0369922905	0.003075127087	-0.03355135992	0.001329249566	0.01524110484	-0.01043236926	0.01573856021	-0.0277457843	-0.02240883238	-0.006972229764	0.03151633351	0.003859757109	-0.05727192808	-0.08011959888	-0.01495313022	-0.01977680618	-0.02491169143	0.01701377189	-0.01957358436	-0.04069658139	-0.007969930314	-0.04718380971	-0.0275806135	-0.03949069303	-0.001606118823	0.05519154209	0.01785525622	-0.02566492953	0.04497520718	-0.04100910661	0.001093184719	-0.01202653557	-0.0192613528	-0.04024126732	-0.001697997715	-0.01514191717	-0.002343863064	-0.03937112706	0.02776539219	0.02306299716	0.008954357581	-0.01756516773	-0.02917052714	0.01375358154	-0.0118288514	0.03293558739	-0.008762385549	0.03825236071	0.02701464878	-0.002191350531	-0.05814529244	0.01495487812	0.0001438199965	-0.007467752816	0.01452017753	-0.003810643342	0.0076040615	0.03631327437	0.01865809511	-0.001695178873	-6.128820591e-05	-0.04166165558	-0.01216227671	-0.036894759	-0.03335150755	-0.02808887536	-0.009406896905	-0.01109849323	0.01721554345	-0.007032057488	-0.01154089872	0.009897912432	0.02913242941	0.007077069697	0.01602769891	0.0192661277	-0.03466945374	-0.04497302256	-0.05129158127	-0.03103643382	0.001072938205	-0.0331440054	0.01544357563	0.01701622962	-0.01438455893
0.005845246579	-0.04376207019	-0.007641304769	0.01299278854	1.000345812	-0.02703241099	-0.03459106858	-0.02656648844	0.005876752491	-0.06313279715	-0.01091768196	-0.02425678697	0.051433157	-0.01758853795	0.005135939132	0.04226397076	-0.004646554082	0.0221319686	-0.01059207211	0.01279074882	-0.003220367896	0.01561671712	-0.0510210758	-0.008324185488	-0.01273131724	0.03575064101	-0.006916614363	0.006774362763	-0.02303999188	-0.04194333145	0.007321582806	0.02168642984	-0.0009296887403	0.01888011732	-0.01338510525	0.002845603172	0.02180930216	0.01318641107	-0.0404265732	-0.03688526568	-0.01484881792	-0.01319776098	-0.02239352543	-0.02315772892	-0.05941794881	-0.02948332384	-0.000811121202	-0.004937719761	-0.00301052978	-0.03763308903	-0.01394907121	-0.007675376302	0.01272485757	0.0257214069	-0.01159326261	-0.004353595622	-0.03295876743	-0.03282770821	-0.01814269353	-0.02950859037	0.007715727988	-0.03642332242	-0.004660063019	0.01762935176	0.02347725858	-0.0350414396	-0.0006915138529	0.03392191224	0.04386467176	0.005912326796	-0.02658575235	-0.03992143237	-0.002779970738	-0.02370037396	-0.0437072874	-0.01630806863	-0.02150397185	-0.0217379807	-0.01358967846	0.01696553334	-0.01858847139	-0.008706105126	-0.02129631138	-0.0003508061475	0.003913267615	0.03430203416	0.01110937904	-0.05358811374	0.01749005071	0.02580942443	-0.001864408188	-0.01565779554	-0.005350276753	0.004900753284	0.008651303671	0.006089117277	0.008470698357	-0.02990808272	0.1145090632	-0.01504494156	0.005433169645	-0.0477695375	-0.0296809073	0.01311581275	-0.02734087359	-0.04242612514	-0.04039360133	-0.03102232983	-0.02882070797	-0.02116707603	0.01339718113	0.01184237985	-0.009654402636	-0.01222552224	0.019649077	-0.003793449909	-0.01218697763	0.006202316997	-0.02833290081	-0.06034808071	-0.03434608697	-0.009780068083	-0.02975889074
0.02217555278	-0.0204251511	-0.03332892509	-0.01736323752	-0.02703241099	1.070619016	-0.01413782444	0.01447402016	-0.002788868251	-0.02037841708	0.005446946773	-0.01000760234	-0.02411361824	-0.001654685637	-0.01362374945	-0.02490974522	0.01039811746	0.006446644086	-0.04132159096	-0.02795119849	-0.009785097653	0.03944577106	0.07492734576	0.0112447118	-0.01825758148	-0.007971031257	0.008561309339	-0.004578436641	0.07337503076	0.02116312775	-0.01344363798	0.01970236494	-0.01340965577	-0.03900048986	-0.003031828083	-0.01144178288	-0.01626206398	-0.01204214932	0.02760017092	0.01541262959	-0.01124629251	0.0167556239	-0.001269990777	0.001056508745	-0.002453020464	0.01250832426	0.005290131185	0.02047020175	0.03890326289	-0.005598144031	0.004405143586	0.01596016146	-0.004761494378	-0.03040812853	-0.01691103077	-0.03667639224	0.02565719384	-0.01309796613	-0.02520129576	0.03167146219	-0.00148615399	0.004605683043	0.0036598453	-0.0305080637	-0.01512890169	-0.05879867227	-0.03629316351	-0.02334151125	-0.03877592668	-0.02850938764	-0.0229229633	0.002347842345	0.01262973504	0.004527559314	-0.04726277779	-0.005215106177	-0.005555136399	-0.03211682256	-0.01057516846	-0.01811720442	-0.05053441701	-0.01237963219	0.004195369108	-0.02068803719	-0.0195688237	-0.02631678814	-0.01065836711	-0.03333208013	0.008147490786	-0.003853367817	-0.0168612856	-0.01668828478	-0.02140830563	-0.04279359376	-0.04181144915	-0.02438260304	0.02344389503	-0.01235117129	-0.04764428959	-0.03894485805	0.02372488272	0.03405505731	-0.02151672918	-0.01679831677	0.02288324687	0.01127922501	-0.001580403164	-0.03107911603	-0.01457045787	-0.02112435376	-0.05301764606	-0.01970425438	0.01643467294	0.03545910736	-0.05728407846	-0.03100600547	-0.006825696151	-0.05038604033	-0.01118151908	-0.02974541058	-0.02227344697	-0.03942036589	0.01715830423
0.02153923765	-0.0151007586	-0.01786468744	-0.01314815623	-0.03459106858	-0.01413782444	0.9704084882	-0.01172803189	-0.0239290493	0.001525887815	0.02139134343	0.02383138126	-0.01617350247	0.0131630957	-0.02718715379	-0.02028172917	-0.005204776412	-0.04301015008	1.743563163e-05	-0.03691741148	-0.01563975519	-0.01633667584	-0.0393185004	-0.03479162396	-0.009133313552	-0.03249588224	-0.014935437	-0.02511930743	0.01469347582	-0.02021927079	0.011377451	0.007670484538	0.004677140619	-0.006929784388	0.0138137864	0.01665296709	-0.0006053362147	-0.008095507482	-0.007739267438	-0.003251738363	0.05313740458	-0.01374112543	0.03999948906	-0.02265788809	0.01075154387	-0.003374419587	-0.01484999453	-0.008449139069	-0.003345086378	0.01780597309	-0.03292614053	0.008490218465	0.009122702217	-0.01601074322	0.004917026729	0.0108862707	0.02108442227	-0.002940082183	0.01627233341	-0.001797899524	-0.02833185941	-0.03344248716	-0.03321899928	-0.02193204504	-0.008821910234	-0.01653331132	-0.0271356747	-0.02476546572	-0.02119961428	-0.02706856612	0.01914765331	-0.02467250644	-0.0006254028289	0.0437720845	-0.01634101476	0.006334981088	-0.01910456969	-0.01531225998	-0.04738625172	-0.03655071089	-0.01286095798	0.02190593416	-0.005141647789	-0.007531132379	-0.007261793661	-0.005514361016	-0.06612608138	0.02993318452	-0.01537173793	-0.01585594975	-0.02400394139	-0.01795434249	-0.04931437708	-0.03725409559	-0.02458520068	-0.02175341368	0.02264451647	0.005249564644	-0.009081383564	-0.005828701166	0.003590195399	0.001316624083	0.004699654945	-0.02441868972	-0.02591167652	-0.03680350049	-0.01074512797	0.01312344417	0.01042523033	0.03388061057	-0.007145575471	-0.0606575708	0.01466649669	0.00256511341	-0.02190164654	-0.004852299682	0.0106179619	-0.0008530668015	-0.00542278488	0.01899556388	-0.009248511434	-0.02137125289	0.01509331536
0.01040932047	0.002933536737	-0.05146291686	-0.04862468783	-0.02656648844	0.01447402016	-0.01172803189	0.938687607	0.002358976732	-0.02428441014	-0.02556001195	0.009564322117	-0.01300286195	-0.01020491756	-0.02529373752	-0.01518847971	-0.001766485065	0.02003520724	-0.02068817659	-0.0489717392	-0.003091044617	0.05090569522	0.0371071667	0.004747346685	0.004401310056	-0.04211266765	-0.01783198807	-0.02500719561	-0.002246744064	-0.05338190739	-0.01617172433	-0.009079747151	0.01519824176	0.03929188721	0.004516785421	0.01525630668	-0.01649048714	-0.01272145704	-0.009371673755	-0.02883282287	-0.009915455373	0.02341949754	-0.03419432787	-0.004032664268	-0.03089128888	-0.009499455837	-0.0005660841022	-0.03016538876	-0.008793781778	0.0001831722196	0.05015751076	0.07879983785	-0.006124440117	-0.01229887165	-0.01770368112	-0.004301043504	-0.01048134618	0.01902013164	0.02289612949	-0.03239454229	-0.02185456268	0.06952111438	0.002755371921	-0.02912117504	-0.02775417837	0.01100262813	5.39040049e-06	-0.03121206053	-0.02464393655	-0.01459085364	0.002765126842	0.04715107244	-0.004477393159	-0.005785264444	0.002725593441	-0.03455424336	-0.03899886236	-0.002381734709	0.008764291801	-0.05905463521	0.01630172466	0.002140248975	-0.03970981121	-0.07199237721	-0.018165135	-0.01644452541	-0.0009630806518	-0.003288584249	-0.02588238588	-0.0006381741375	-0.03264995777	-0.01860805984	-0.03229996996	-0.01060441004	-0.03079898637	0.008453044815	-0.01872907481	-0.03244268551	-0.0008293929683	-0.02264363424	-0.009147086008	0.006050002207	0.01467324733	0.04904312239	0.006674663796	-0.02972742963	-0.0110946279	-0.03065042938	-0.01291063287	-0.02812573256	-0.02719856681	-0.02951519926	-0.02434896238	0.003183743635	-0.01799550232	0.01262372857	0.02192521873	0.0008246163168	0.01373075126	-0.03821161175	0.03266551537	0.008133956523	-0.004388481354
0.003049890613	0.01444622038	-0.05245435995	-0.03562107893	0.005876752491	-0.002788868251	-0.0239290493	0.002358976732	0.9781910368	0.05597017616	0.1004021239	0.03727736196	-0.007043971791	-0.009468452775	-0.0002507252177	-0.04320981417	-0.03303368687	-0.004745977759	-0.03681021178	0.02117841352	-0.01356308081	-0.008223088382	-0.0184196554	-0.06592389184	-0.02336889909	-0.08064160061	0.04380850337	-0.01935544734	0.009472481934	0.07627826754	-0.01627288714	-0.04532982248	-0.0178412011	-0.03217349993	0.01075691513	0.004385908312	0.02464372537	0.01485740593	-0.01679900571	-0.0323854289	-0.003846705889	0.0246204341	0.02105327123	-0.04400914807	0.004455871722	-0.005280722113	-0.0424521981	-0.02628710414	-0.02910241492	0.003306003227	0.01319470413	-0.0308795131	-0.0357699651	0.002328059765	-0.04178747955	-0.01426426866	-0.03067490637	-0.01014851907	-0.03506986094	0.02411229418	-0.003775123938	0.00145446059	-0.009979786842	-0.03292990881	-0.01799672541	-0.02590215369	-0.04700825064	-0.01854065352	-0.04724180601	-0.01143393903	-0.0006976045657	0.001595477716	-0.01458126644	0.04363066411	-0.0190909043	0.01121432315	-0.01701663077	-0.0332537849	-0.0005635707363	-0.02297230796	0.01417734672	0.01021410608	-0.003713037265	-0.0371061054	-0.03741332283	-0.04137426479	-0.04329526765	-0.03617133979	-0.02636191799	-0.008796554054	-0.03715280187	-0.03176724139	-0.03319190024	-0.008740317095	-0.03396781111	-0.004432838753	-0.049208414	-0.04984305528	-0.05960927209	0.04443750421	0.04412887118	0.01465212258	0.06970250732	-0.0347101999	-0.01385611657	-0.0304331123	-0.01184942415	0.0916148195	0.01086683678	0.02264402216	-0.03384428185	-0.01376671382	-0.04928793667	-0.003555817934	-0.02976162596	0.01124594068	0.1062956102	0.02149879505	0.06106457875	0.06081012775	-0.0008843807202	-0.05953007214	-0.001436840219
0.007873671501	0.03912815084	-0.03702655777	-0.05197605466	-0.06313279715	-0.02037841708	0.001525887815	-0.02428441014	0.05597017616	1.004469011	0.07617024816	0.06967097943	-0.049124127	0.004169746803	-0.02121709481	-0.02683663103	-0.02339589722	-0.0170463628	-0.009737374127	-0.03546493981	0.00285269513	0.019853158	-0.004861892902	-0.02064833572	-0.02413403854	-0.06086171092	0.004428824468	-0.007190631191	0.03006868481	0.08562911584	-0.06410543127	0.007767889275	0.005519894517	-0.008638690309	-0.0190564873	-0.02596386265	-0.02066091232	-0.0007458966205	-0.03099386053	-0.005001149306	-0.009739686756	0.02001462966	0.007610553377	-0.03649426608	-0.001650108517	-0.03623016406	-0.01373303519	-0.02605660647	-0.04209008187	-0.01922312841	0.002562596952	0.001044001745	-0.0110327768	0.01463589016	-0.03726793049	-0.02756584007	-0.01896896288	0.0008364355836	-0.03673748223	-0.001007079414	-0.01974786661	-0.03456953553	-0.006565791388	-0.06796076977	-0.05932704045	-0.02718054645	-0.009415044619	-0.03022070896	-0.04175950992	-0.007814360441	0.002124759605	0.0006678785404	-0.02453358402	0.006023170825	-0.01428287082	0.02020819375	-0.01119777654	-0.07529202011	-0.02306995796	-0.0227281816	0.02024907377	-0.01470418179	-0.02156850184	-0.02349899724	-0.04853628631	-0.02558344809	-0.03272720039	-0.0001945110233	-0.03989764961	-0.03318962048	-0.0310259978	-0.04119204851	-0.03980785197	-0.02022624527	-0.01867011197	-0.03058509354	-0.03423994853	-0.0106832567	-0.03926932519	0.08044167368	0.07920247928	0.03779369207	0.01007694089	-0.0275606135	-0.01720274066	-0.04772606612	0.007361393818	0.05633158303	0.04868716762	0.06053284126	-0.01934271048	-0.03444259932	-0.02510821113	0.009926221047	0.007835722385	-0.006836101524	0.1084408739	0.03593149257	0.01681706601	0.08620665987	-0.02482093496	0.01809125154	-0.0001658449557
-0.02224149152	0.09679697782	-0.04658411537	-0.03728559277	-0.01091768196	0.005446946773	0.02139134343	-0.02556001195	0.1004021239	0.07617024816	0.951262955	0.08817734224	-0.04254146563	-0.00383734987	-0.004637833591	-0.01227739651	-0.02157259492	-0.03601744364	-0.02979131712	-0.03997844214	0.003316432926	-0.01819656997	-0.005017045581	-0.01078255154	-0.01309769028	-0.07035624686	0.07114389037	-0.04941113574	0.00892030235	0.0407326932	-0.009289863901	-0.006192038297	-0.00704666574	-0.009458987232	0.002473220557	0.001703640061	-0.000423754778	-0.00296404293	-0.03553676738	0.002582091328	0.01048711652	0.02953706638	0.001290157169	-0.06389130407	-0.009414856878	-0.02411052976	-0.01242754613	-0.0378573005	-0.04058827458	-0.02263160258	-0.001729441215	-0.007083284313	0.0356998843	0.006372869038	-0.02087371949	-0.06506314637	-0.007507609023	-0.01151694138	-0.02134588202	-0.01127567459	0.02979184054	-0.009565483564	-0.01918259207	-0.07171677479	-0.03008145715	-0.04133730886	-0.07630296726	-0.01161541772	-0.03062933671	-0.03147510019	-0.00195115911	-0.01964417515	-0.002680074787	0.01171192466	-0.01365742181	-0.03345960177	-0.006980863003	-0.03811586026	-0.02704909634	-0.02038774961	0.0139191941	-0.04540600842	-0.04344659598	-0.03716973319	-0.04671803606	-0.06988717177	-0.04003377499	0.00372782771	0.03319070171	-0.03202413564	-0.04452499881	-0.02753538325	-0.06255842569	-0.03039454279	-0.01873568583	-0.04738605625	-0.02800885093	-0.05283060391	-0.0473854782	0.07325197113	0.02973346489	0.02415211913	0.0138118711	-0.05321413886	-0.02947843808	-0.02703733055	-0.0004214691919	0.1003417158	0.09304566995	0.09260557884	-0.06037447518	-0.0149724111	-0.02900860248	-0.00626776923	0.009846152862	0.005329142225	0.05829845857	0.08812097874	0.05442003728	0.0561857976	-0.03226246035	-0.004607397862	0.0004638765504
-0.02622246743	0.08628196114	-0.04676593611	-0.02762929529	-0.02425678697	-0.01000760234	0.02383138126	0.009564322117	0.03727736196	0.06967097943	0.08817734224	1.045321193	-0.04391206347	0.0102311222	-0.04272055417	-0.02931913775	-0.03182798934	-0.05619064792	-0.0287794693	-0.04214203054	-0.02225386545	0.00289294604	-0.02676671391	-0.03731430826	-0.01176522013	-0.05389894925	0.01112970866	-0.01459173785	0.00440445259	0.03935614006	-0.02340375235	-0.03255660695	-0.008601187533	-0.01833303604	-0.03561467779	-0.01327490054	-0.009289608141	-0.0279332312	-0.03214126422	-0.03591284878	0.001782586611	0.01563103383	0.008018110986	-0.03977535223	0.00154062838	-0.03033947491	-0.04320908038	-0.007127232772	-0.009793274323	0.008336143322	0.01501628524	-0.02257803788	-0.02739151103	-0.0332119072	-0.03576326506	0.006179782135	-0.02887161697	-0.01198292569	-0.009968745075	-0.04548828111	0.002107551637	0.01671450705	-0.01299418174	-0.04159121441	-0.02893693358	0.006499978068	-0.05835101639	-0.02100997058	-0.006438136544	-0.0119626143	0.007299798312	0.01640020393	0.02340264947	0.03631610265	3.327543186e-05	-0.01896733113	-0.001307537872	-0.03591760668	-0.02098144431	-0.06219350533	-0.02548705491	-0.01135543494	-0.02565062671	-0.02777188312	-0.0436106767	-0.06116308118	-0.02590570369	-0.01323322957	-0.01039999636	-0.002362493002	-0.07329110382	-0.02525530319	-0.03672576255	-0.02361333715	-0.04059768802	-0.06458464237	-0.03744426232	-0.02776038406	-0.01514036864	0.04727853679	0.0432957147	0.07313230996	0.03176063419	-0.02648729939	-0.04250167442	-0.05326681383	0.01179792863	0.08178290998	0.04751833387	0.06852361943	-0.008405006337	-0.04417022908	0.006439295283	0.02032273208	0.02358040836	0.0214355893	0.07449308632	0.07416956443	0.02950517159	0.05281559874	-0.03309200956	-0.01915346474	-0.003261365614
-0.02341079751	-0.004127047298	-0.03658860008	0.04763497858	0.051433157	-0.02411361824	-0.01617350247	-0.01300286195	-0.007043971791	-0.049124127	-0.04254146563	-0.04391206347	0.9820427153	-0.03004735271	0.01872896729	0.01670406446	-0.003158056439	0.02969167099	-0.02945303257	-0.01739458802	-0.01111139276	-0.02903366575	-0.04027473255	-0.01169095109	-0.01761003636	0.02696150279	-0.0375087301	-0.01039150042	-0.02074121306	-0.04498462311	0.01088968495	-0.01702037313	0.005387455305	0.004754395997	0.02121468815	-0.03422812254	-0.01759245658	-0.00964303069	0.02066314238	-0.03312236226	-0.02104459058	-0.02381566083	-0.01892794183	-0.004774224816	-0.03010689481	-0.03150778347	-0.01515378782	-0.01864216575	0.0100934712	-0.001962165943	-0.01199050697	-0.04258835401	-0.04954642414	-0.00439704274	-0.02245945264	-0.02457339996	-0.0124239103	-0.0309685833	0.005572825003	-0.01685517834	-0.03599319996	0.01048046729	0.03065182465	0.06409922194	0.006848985945	-0.02551053514	0.04356881493	0.001283090631	0.01414964558	-0.01671897675	-0.01176969062	-0.01931435642	0.003405860392	-0.01799001624	0.02213767938	-0.0187593431	-0.04357552972	0.0005038470148	-0.02990324414	0.01235788137	-0.01553738753	-0.04115651581	-0.003823294884	2.484165844e-06	0.006053700524	-0.003862644832	0.0188356629	-0.01542391991	0.01725424951	0.01865751203	0.02486094071	-0.0007983643496	0.0007722929407	0.02024704514	0.01540729248	0.008967237635	0.003476261044	0.03128299311	0.04045013291	-0.0583202959	0.004754995235	-0.02088395875	-0.02474785371	0.001254236355	-0.01259819994	-0.03482015845	0.0008316526877	-0.04331904642	-0.0049618014	-0.02593470114	0.01642980611	0.009454666114	0.0110745693	0.006084538514	-0.01137384474	0.007725834519	-0.03101295818	-0.02559240528	-0.02343631951	-0.03187254535	0.007271651268	-0.004579145758	-0.02203719602
0.01626308	0.02057665894	-0.03959868026	-0.006602934366	-0.01758853795	-0.001654685637	0.0131630957	-0.01020491756	-0.009468452775	0.004169746803	-0.00383734987	0.0102311222	-0.03004735271	0.9953068938	-0.04559444588	-0.02524018906	-0.009476588508	-0.01274079887	-0.03466435651	-0.003083845996	-0.01065904889	0.02864307974	0.01927933451	-0.01299601112	0.008948714657	-0.0757273687	0.01365003433	-0.01641048936	-0.001055122405	0.009215609289	-0.04290779178	-0.03035139263	-0.0250074151	0.004936950213	-0.01826797919	0.007038159916	0.02723097286	0.0009260791403	-0.0164616162	-0.04906636784	-0.01105577039	0.004275554449	-0.02425408186	-0.01431209438	0.0003556580128	-0.001562322585	0.02824305188	0.01821689176	-0.01993452706	0.01514107783	-0.02187984253	-0.01059688724	-0.009410414349	-0.01785256211	-0.0517299124	-0.02293318372	-0.003806896223	-0.01144967599	0.02216465216	-0.009684490143	-0.002697214017	-0.01250004398	0.01456253698	-0.00430346513	-0.04282599952	0.001363234747	-0.03077982103	-0.02334284237	-0.02355866731	0.01069087421	-0.0213786353	0.002944274459	0.003067159345	-0.01695073727	-0.006628671346	-0.0263685511	-0.007002617996	-0.01975473281	-0.03485764666	-0.01281842541	-0.04558228042	-0.03247325495	-0.004967316994	-0.01601766906	-0.04777255547	-0.01756594717	-0.002817581703	-0.006961993121	-0.0409125435	0.0254088497	-0.03095592647	0.01644390213	-0.03643760324	-0.04809073092	-0.0253276074	-0.03560739952	-0.03368246375	-0.02280669656	0.02837510727	-0.0072789759	-0.03299371803	0.03482155806	0.003844298978	-0.01586786915	0.02204064766	0.00300025827	-0.001731577293	0.02091222116	0.04638912096	0.01396592464	-0.02073822589	0.01142251195	0.04391207414	-0.001504916465	-0.007855925339	0.02267791723	-0.006189549511	0.002492367982	-0.0104621197	0.03121293548	-0.007931033719	0.001372013823	-0.003418254779
0.001920165014	-0.03422575145	-0.005780321517	-0.005459347022	0.005135939132	-0.01362374945	-0.02718715379	-0.02529373752	-0.0002507252177	-0.02121709481	-0.004637833591	-0.04272055417	0.01872896729	-0.04559444588	0.9806119779	-0.02125600701	-0.004375867867	-0.006632782002	0.02648298661	-0.00337254659	0.01913416408	-0.05289669767	-0.01419056238	0.0007038337474	-0.0002470441343	-0.008338251908	-0.06601748193	0.01070367284	-0.03178948364	-0.03216281852	0.008828221008	0.002986776759	-0.01144125994	0.000206334922	-0.009081446931	-0.0209632239	-0.03475128794	-0.01801155774	-0.008757304637	0.02242936169	0.01252848544	-0.001113128305	-0.009694824633	0.02369224342	-0.03473527328	0.005373959083	-0.02818742676	0.01571877783	-0.02272412132	0.009996629701	0.02254248154	-0.04470919005	0.009695156297	0.01777257771	0.007368264296	0.001131389582	0.007403694646	-0.003857025652	-0.0124411959	-0.001771995692	-0.04519314252	-0.05341988265	0.02056995323	0.005283512008	-3.461964383e-07	-0.05321413053	0.0213305937	-0.0154209305	-0.006795423386	-0.03219922712	0.00406437691	-0.02830263503	0.00138727767	-0.02940011763	0.02955710993	0.01553661787	-0.005109408382	0.002449853369	-0.003678386543	0.03468516612	0.03995613813	0.0237299747	-0.03032273485	-0.02197794387	-0.005917750458	0.01954150689	0.003750271884	-0.02103915282	0.02164646663	-0.02640173993	-0.009070808157	-0.003502789715	0.01281729205	-0.004209543818	-0.02107060474	0.003651365217	-0.02202043856	-0.03858941221	0.01105272852	-0.0324011648	-0.02994037162	0.005024470194	-0.02972206616	-0.001328930635	-0.01332007988	0.00378445731	-0.02026081571	-0.03579462703	-0.01068956803	0.0002237619934	-0.001266938046	-0.04346449518	-0.03324331117	-0.01441633701	-0.005417194008	0.01392250564	-0.02157881152	-0.01283463698	0.009865355723	0.003715274603	-0.01667194063	-0.01828858844	0.008364856386
-0.01237574428	-0.04171262057	-0.003678530873	0.05655916284	0.04226397076	-0.02490974522	-0.02028172917	-0.01518847971	-0.04320981417	-0.02683663103	-0.01227739651	-0.02931913775	0.01670406446	-0.02524018906	-0.02125600701	0.9653716072	0.03863989947	0.03800038325	-0.002932696302	-0.02185886182	-0.0180498796	-0.0406432783	-0.03240053739	0.0165220356	0.0007056847643	0.02660694411	-0.02517322234	-0.00521052375	-0.08159987745	-0.07531407726	0.06962610897	-0.02331970143	-0.03314753962	0.03248262358	0.009146009295	-0.02500730508	-0.007830874723	-0.007253144803	-0.006879794892	-0.03129282366	-0.03411020835	-0.009746193456	-0.02755772429	-0.03554027941	-0.0353221808	-0.006918014024	0.02324073025	-0.01939642043	-0.02950285839	-0.03989197279	-0.02148956331	-0.007243340002	-0.008832221419	-0.01126080226	0.004815434467	-0.013502543	-0.02639148423	-0.04250556539	-0.02185531912	-0.03252812674	-0.04093453774	-0.0137790162	0.01546958606	-0.01617997806	0.03584036482	-0.0197310888	0.06582074887	-0.01334340461	0.06130109519	0.03035833847	-0.02778866488	-0.04830474384	0.01689394948	-0.0440381408	-0.03198497996	-0.0232409598	-0.007225946624	0.01250194586	0.01594513954	0.002087964795	-0.04959928585	-0.01246084684	-0.02416001374	0.02815360299	0.03067687176	0.009452290603	-0.01084529072	-0.0138131529	-0.02446336117	-0.05563374783	0.04585572263	-0.003354199735	0.02726172727	0.04331269946	-0.01565800812	0.05462799649	0.09423253584	0.0109879743	0.009589885679	-0.03096287074	-0.04069356408	-0.07857311522	-0.03710462108	-0.005416913033	0.01052616972	0.004725611255	0.005477707226	-0.03866157462	-0.01892097857	-0.03559856958	0.02865108317	0.03271756936	-0.02475498902	-0.02804875028	-0.004026776524	0.0283640844	-0.05057134602	-0.008894997054	0.01217698525	-0.03655204274	-0.04737038656	0.03353560353	0.01325593153
0.01556251835	-0.05087627711	-0.0053033292	0.0340867425	-0.004646554082	0.01039811746	-0.005204776412	-0.001766485065	-0.03303368687	-0.02339589722	-0.02157259492	-0.03182798934	-0.003158056439	-0.009476588508	-0.004375867867	0.03863989947	0.9912091584	0.005963723061	-0.02859130659	-0.0109094246	-0.02338482481	-0.08292259074	-0.05741840898	0.01161117654	-0.02505266211	0.04860004133	-0.04550305678	-0.01227214729	-0.0121647834	-0.001359344461	-0.001647522218	0.0164946602	-0.01164668129	0.002431344069	-0.0001037976518	-0.01008914529	-0.003445261555	0.003987358204	-0.0004135241692	-0.01486096645	-0.009759620634	-0.009309191399	-0.0170063233	0.0224156413	-0.0006693601315	0.02715339527	-0.0008353972243	-0.02187599102	-0.02832786186	-0.02123715622	-0.05652068641	-0.04933941876	-0.01104791097	-0.01311844255	-0.0109715981	0.01110444349	-0.01153982588	-0.01638368786	-0.004774371469	-0.03417574739	-0.01997070423	-0.05197904258	-0.02741838524	0.003161687895	0.01784704232	0.03010996042	0.001991337279	0.02425954812	0.0187594533	0.004286526915	0.002719524105	-0.004594992273	-0.01322550033	-0.01103023301	-0.00839322273	-0.04045983182	-0.006477889466	-0.003717263721	0.003835599878	0.004174188271	0.00174518533	-0.009933558636	-0.03614384124	0.02378694423	0.001420989337	0.00971396948	0.001165668829	-0.00486250786	-0.0244456425	-0.02752452269	0.02138286866	0.02284761074	0.002274040687	0.01563345866	0.01582465878	0.05694139013	-0.005332292845	0.01284887768	0.01401794069	-0.04549794709	-0.06167827642	-0.03030954191	-0.04130639973	-0.01016587365	-0.004750745759	-0.01307532864	-0.01750020075	-0.03754936583	-0.009726654961	0.001543578379	0.0319644671	-0.005814334445	-0.01350942639	-0.04548650382	0.01835685039	-0.023742708	-0.02893636251	-0.02099929238	-0.02098417919	-0.04478298753	0.02586250086	0.01630582841	-0.01979821376
0.0003707106939	-0.05070815059	0.003387539803	0.0756289415	0.0221319686	0.006446644086	-0.04301015008	0.02003520724	-0.004745977759	-0.0170463628	-0.03601744364	-0.05619064792	0.02969167099	-0.01274079887	-0.006632782002	0.03800038325	0.005963723061	1.064032981	-0.002742770434	0.04461595186	0.003376134257	-0.01379821617	-0.0005068675774	0.01489862055	0.01882844509	0.01418897658	-0.003963941784	0.008947331551	-0.06239316838	-0.03034839126	0.006129441008	-0.04616764557	0.002508462514	-0.009917123243	-0.01282139818	-0.03129270989	-0.02504164805	-0.02072996849	-0.02452341236	-0.006882004112	-0.01143425835	-0.005224377732	-0.05548439236	0.03766641419	-0.02537253331	0.02587868611	0.004666215067	-0.01997377408	-0.01706568764	-0.04814391421	-0.02417087121	0.01183192713	-0.02107152362	0.003341957262	-0.02779264309	-0.0295906298	0.0004830938676	-0.01311534827	-0.0338409392	-0.01612480623	-0.002777455942	-0.01038715525	0.01920871214	-0.03351650209	0.04606677434	-0.007340633647	0.02467432746	-0.007167037763	0.00295809145	0.003728076955	-0.003645628327	0.00622462561	-0.02245330731	-0.01994767339	-0.02741128727	-0.03404862017	-0.04069809274	0.004650012104	0.003513508953	-0.01031956863	-0.01440566462	-0.02014913174	-0.01403342947	-0.01486565034	-0.01604139801	0.03159529162	0.01760163965	-0.04359674486	-0.04262161049	0.01046251508	0.0129438735	0.00856623111	0.03823407188	0.0102002843	0.01717109856	0.01774281794	0.05762824352	0.02336916844	0.009785201126	-0.02218471854	-0.05830254524	-0.05719976849	-0.02443912694	-0.01406159126	-0.03457095635	-0.01069628933	-0.0186954229	-0.03900391799	-0.04161564762	-0.03466479153	0.02489019668	-0.003706982397	-0.05488960031	-0.009265017876	-0.03467442916	-0.02356081811	-0.05996198971	-0.01246305746	-0.01690032398	-0.03819347537	0.02223101761	-0.01167466245	-0.003718204325
0.01502499822	-0.02010387237	-0.0008030783951	-0.02775412859	-0.01059207211	-0.04132159096	1.743563163e-05	-0.02068817659	-0.03681021178	-0.009737374127	-0.02979131712	-0.0287794693	-0.02945303257	-0.03466435651	0.02648298661	-0.002932696302	-0.02859130659	-0.002742770434	1.043970133	0.006254203032	-0.01058910966	-0.03357162101	-0.01746538595	0.01820385518	0.01814707055	-0.03997851358	0.02162684485	-0.008894344441	0.01238840976	-0.04912747281	0.01221115653	-0.001748008301	-0.04696513233	-0.02634706697	-0.0179515423	-0.009742273006	-0.01121600959	-0.02174957776	0.01209760004	0.02639077489	0.008654170472	-0.004407225645	-0.02148672114	-0.0417807892	0.006055551382	-0.02026290654	-0.01715825861	-0.005090296592	0.03095678184	0.005750225038	0.00988251771	-0.005394274123	-0.006752215646	-0.04453092034	0.03278647398	0.004488239908	0.01479250565	-0.01963159834	-0.05131631354	-0.0510633493	-0.02239486255	-0.006066699318	-0.02655396356	-0.01106284544	-0.01353494382	-0.03500272465	-0.006768063358	-0.02636600489	-0.01071221179	0.02541320855	-0.001730161375	-0.03842502413	-0.01744921741	-0.0150494965	0.03755386142	0.0008576891523	-0.01002619582	-0.01632606692	0.01293441516	0.01715406271	-0.01328162865	0.02019585738	0.01956613088	0.00528181319	-0.02574461845	-0.008774755397	0.04357869384	-0.04633269292	-0.01229319413	0.001064816622	-0.009191720416	-0.006128312158	0.03829196269	0.04346217596	0.05545451436	0.006497740814	-0.01389793933	0.006518355434	0.06065703682	-0.01213503009	-0.001901866841	-0.01940286435	0.01853194702	-0.004652670113	-0.03420263944	-0.02922547498	-0.0387147152	-0.02254073308	-0.02603900137	-0.0659497498	-0.007845134793	-0.02503071931	-5.660350136e-05	0.02719472275	-0.02217007784	-0.03285827709	-0.03101537973	-0.006160471945	-0.04335393692	-0.007174151214	-0.01233591417	-0.009370993445	-0.01215481041
-0.03928117354	-0.04999980809	0.01282464105	-0.03575952788	0.01279074882	-0.02795119849	-0.03691741148	-0.0489717392	0.02117841352	-0.03546493981	-0.03997844214	-0.04214203054	-0.01739458802	-0.003083845996	-0.00337254659	-0.02185886182	-0.0109094246	0.04461595186	0.006254203032	0.948258265	-0.01135831726	-0.03385737445	-0.01732382797	-0.01614357572	0.01026778917	-0.01820298935	-0.04982776339	-0.01226844164	-0.04571244872	-0.0216948813	-0.01378234076	-0.04384796097	0.004892244125	-0.01485803622	-0.001355876654	-0.006265559035	-0.01642169951	0.03786071891	0.0395619411	0.01122738429	-0.009009879845	-0.02431018753	-0.005163119711	0.01894101635	0.004732152579	-0.00861490375	0.04371361141	0.007390491047	0.001377003735	-0.03930108571	-0.02750086457	-0.01875122497	0.005168871207	0.004299479772	0.01332187559	0.05137948804	-0.0103027519	-0.002888256764	-0.008429553598	-0.01995371647	0.01961561538	-0.02781838927	0.001524281482	-0.001697961025	-0.009344888329	-0.008404734217	-0.03322999531	-0.02660192241	-0.006554383177	-0.01439932826	-0.01249194056	-0.0006365451682	-0.01480909155	-0.03918546598	0.001528613007	0.04365839911	0.03680286283	0.0008526239696	0.03204605683	-0.007647227908	0.0262791648	-0.01321257365	0.007563304475	-0.01631564355	-0.008018423078	-0.00732725958	-0.001640502643	-0.03751335641	0.01547367516	-0.001046804026	-0.02343062859	-0.0009935643423	-0.007642810146	0.01316368998	0.05492690097	-0.02923687978	0.03119449252	0.002448322499	0.0006876498619	-0.03565100065	0.00377216142	-0.06098064595	-0.008105934555	-0.01289003358	-0.0437696415	0.0231680836	0.01510708111	0.009031315307	-0.04360770231	-0.03208968166	-0.04295252711	-0.01597502582	0.03853592419	-0.004919279714	0.009985256763	-0.03199558054	-0.04094136768	-0.02152436753	-0.0217352472	-0.01850537822	0.005377642115	-0.01397266119	0.01624916213
0.001756158382	-0.01902390928	-0.00358689474	0.002287918704	-0.003220367896	-0.009785097653	-0.01563975519	-0.003091044617	-0.01356308081	0.00285269513	0.003316432926	-0.02225386545	-0.01111139276	-0.01065904889	0.01913416408	-0.0180498796	-0.02338482481	0.003376134257	-0.01058910966	-0.01135831726	1.057052087	0.0002350596654	0.026139142	0.03239239787	-0.02041882235	-0.01497729642	0.007148683929	-0.02696356083	-0.01741948152	-0.009757762296	-0.006143612529	-0.06282474035	-0.01840551645	-0.03286160125	-0.01235661217	-0.009914542902	0.02111904976	0.01931349556	-0.03731434164	0.001286424498	-0.009766605238	0.005179399977	-0.02784243822	-0.02450898185	-0.0309115685	-0.02937873426	-0.02301348413	0.0265026892	-0.01686573966	0.03820732893	-0.015934386	-0.004836031642	0.01093180944	0.004733811403	0.01552159413	-0.01387918645	-0.01505956071	-0.01550377149	0.005710848198	-0.01380427151	0.002458001981	0.01272809916	0.0001605803373	-0.03272749099	-0.02598087757	0.02259359751	-0.02754981024	-0.00639716118	-0.01135663251	-0.01469425709	0.01824420978	0.01457376345	-0.0119236572	-0.02578504669	0.01471749332	-0.002767271123	-0.04457136427	-0.03349835828	-0.02030825797	0.01631645922	-0.03240044744	0.03920415635	-0.001719672705	-0.0300993361	-0.01082710229	-0.05014355339	-0.0326857409	-0.01983645772	-0.01964734555	0.02808577482	-0.03024626904	-0.002496786007	0.007721829693	0.002056078549	-0.004981217273	-0.0428218267	0.00259306041	-0.03723307869	-0.02895434383	-4.570515782e-05	-0.018446502	0.02668792208	-0.01355382595	-0.01370961003	-0.01060724636	-0.01929977043	-0.01994354432	-0.01606966488	0.04613273323	-0.009267586315	-0.03211381302	-0.02929731545	-0.01075712178	-0.01045868618	-0.04469125166	0.008781812875	-0.03243395801	-0.005725079741	0.01714067186	-0.01904702257	0.009357170425	-0.03051894081	0.02986850607
